1	25
1	26
1	31
1	35
1	39
1	43
1	45
1	52
1	53
1	67
1	69
1	71
1	90
1	92
1	93
1	95
1	97
1	101
1	105
1	113
1	119
1	126
1	127
1	129
1	139
1	141
1	142
1	145
1	149
1	150
1	157
1	165
1	172
1	174
1	176
1	180
1	182
1	191
1	195
1	197
2	5
2	7
2	8
2	10
2	11
2	13
2	14
2	15
2	17
2	19
2	28
2	29
2	30
2	33
2	39
2	50
2	52
2	62
2	65
2	74
2	89
2	98
2	99
2	101
2	105
2	115
2	116
2	128
2	131
2	134
2	155
2	164
2	168
2	171
2	184
2	185
2	189
2	199
2	200
3	23
3	32
3	37
3	38
3	40
3	42
3	47
3	48
3	55
3	56
3	59
3	70
3	75
3	76
3	78
3	80
3	87
3	94
3	108
3	110
3	124
3	125
3	152
3	161
3	163
3	178
3	183
3	193
4	9
4	22
4	23
4	27
4	36
4	49
4	58
4	60
4	63
4	64
4	68
4	77
4	87
4	100
4	123
4	130
4	132
4	140
4	146
4	147
4	154
4	166
4	167
4	170
4	173
4	198
5	24
5	26
5	38
5	41
5	42
5	44
5	54
5	67
5	71
5	75
5	78
5	84
5	93
5	97
5	98
5	109
5	111
5	118
5	133
5	159
5	166
5	172
6	17
6	18
6	21
6	23
6	38
6	43
6	51
6	57
6	63
6	78
6	79
6	87
6	96
6	99
6	103
6	121
6	138
6	143
6	144
6	153
6	187
6	196
7	11
7	12
7	13
7	14
7	15
7	19
7	30
7	50
7	106
7	109
7	111
7	117
7	152
7	155
7	159
7	171
7	174
7	185
7	199
8	10
8	11
8	13
8	16
8	19
8	21
8	28
8	29
8	33
8	72
8	87
8	109
8	111
8	134
8	164
8	168
8	175
8	184
8	192
9	13
9	27
9	36
9	58
9	64
9	66
9	68
9	77
9	100
9	129
9	130
9	132
9	136
9	140
9	147
9	154
9	167
10	12
10	14
10	16
10	50
10	65
10	74
10	86
10	101
10	115
10	128
10	147
10	151
10	153
10	164
10	197
10	199
11	14
11	15
11	16
11	19
11	20
11	29
11	30
11	52
11	74
11	76
11	86
11	115
11	151
11	171
11	185
12	13
12	14
12	15
12	19
12	28
12	29
12	50
12	51
12	86
12	88
12	89
12	100
12	119
12	155
12	199
13	14
13	15
13	16
13	21
13	22
13	52
13	56
13	62
13	74
13	88
13	89
13	106
14	16
14	50
14	52
14	84
14	106
14	116
14	119
14	128
14	138
14	181
15	16
15	19
15	28
15	29
15	54
15	56
15	98
15	104
15	116
15	138
15	160
16	31
16	62
16	101
16	106
16	123
16	131
16	134
16	160
16	200
17	18
17	29
17	38
17	43
17	47
17	99
17	103
17	121
17	133
17	144
17	153
17	187
17	190
18	40
18	51
18	57
18	78
18	99
18	100
18	133
18	144
18	162
18	182
18	188
18	196
19	27
19	29
19	30
19	35
19	101
19	128
19	138
19	146
20	34
20	41
20	44
20	46
20	73
20	81
20	85
20	88
20	104
20	118
20	120
20	186
20	200
21	22
21	26
21	30
21	37
21	41
21	49
21	106
21	110
21	117
21	179
22	33
22	49
22	54
22	58
22	60
22	71
22	72
22	97
22	148
22	165
23	32
23	40
23	42
23	48
23	54
23	56
23	94
23	108
23	124
23	163
24	34
24	41
24	46
24	61
24	81
24	83
24	85
24	112
24	114
24	148
24	164
24	177
25	45
25	67
25	69
25	71
25	113
25	117
25	139
25	143
25	145
25	150
25	165
25	176
26	31
26	53
26	126
26	127
26	141
26	145
26	150
26	174
26	176
26	195
27	36
27	49
27	123
27	146
27	161
27	170
27	173
27	193
27	198
28	30
28	33
28	64
28	86
28	88
28	94
28	155
28	179
29	62
29	67
29	74
29	88
29	111
30	52
30	62
30	82
30	119
30	160
31	54
31	67
31	69
31	71
31	93
31	95
31	141
31	182
32	60
32	68
32	76
32	94
32	108
32	159
32	178
32	193
32	194
33	37
33	52
33	65
33	74
33	86
33	109
33	151
34	36
34	39
34	41
34	44
34	61
34	73
34	83
34	142
34	186
35	45
35	53
35	67
35	72
35	92
35	93
35	95
35	105
35	172
36	49
36	64
36	74
36	136
36	170
36	198
37	55
37	59
37	82
37	107
37	110
37	155
37	186
38	57
38	63
38	79
38	96
38	103
38	187
39	45
39	105
39	113
39	139
39	141
39	149
39	174
40	48
40	70
40	108
40	117
40	124
40	180
40	194
41	61
41	91
41	104
41	114
41	120
42	47
42	48
42	59
42	70
42	118
42	137
42	178
43	79
43	96
43	99
43	121
43	143
43	156
43	162
44	73
44	83
44	91
44	107
44	114
44	120
44	163
45	82
45	127
45	139
45	174
45	195
45	197
46	82
46	120
46	122
46	135
46	142
46	175
46	177
46	192
47	54
47	55
47	59
47	75
47	94
47	152
47	183
48	55
48	59
48	76
48	169
48	193
49	58
49	66
49	146
49	161
50	62
50	70
50	136
50	138
51	57
51	78
51	96
51	133
51	143
51	148
52	101
52	102
53	90
53	93
53	110
53	113
53	129
53	187
54	64
54	91
54	191
55	56
55	70
55	84
55	108
55	193
56	70
56	137
56	163
56	181
57	96
57	121
57	124
57	188
58	60
58	64
58	105
58	161
59	76
59	189
59	194
60	66
60	68
60	123
60	166
61	72
61	73
61	85
61	118
61	158
62	102
62	125
63	99
63	153
63	156
63	188
63	196
64	154
64	167
65	86
65	98
65	103
65	128
65	151
66	77
66	84
66	161
66	167
66	173
67	90
67	129
68	132
68	140
68	147
68	173
69	85
69	93
69	157
69	172
69	197
70	100
70	180
71	92
71	129
71	165
72	85
72	102
72	115
72	184
73	83
73	112
73	131
73	192
74	114
75	76
75	80
75	180
75	194
76	97
77	112
77	154
77	166
77	198
78	79
78	196
79	82
79	133
79	190
80	137
80	152
80	159
80	163
80	181
81	107
81	142
81	173
81	186
81	195
82	117
82	178
83	85
83	169
83	177
84	121
84	125
84	134
85	107
86	119
87	125
87	135
87	177
88	190
88	200
89	98
89	113
89	134
89	189
90	92
90	127
90	169
90	197
91	104
91	112
91	135
91	158
92	95
92	131
92	172
93	129
94	131
94	181
95	127
95	150
95	176
96	110
96	179
97	160
97	162
97	196
98	119
98	184
99	188
100	156
102	130
102	137
102	158
103	133
103	153
104	118
104	122
105	126
106	175
107	112
107	158
108	154
109	185
109	200
110	127
111	175
111	183
112	122
113	185
114	120
114	135
115	189
115	199
116	134
116	149
116	175
117	141
118	122
120	148
121	162
122	158
122	171
123	130
123	147
124	132
124	178
125	131
125	169
126	145
126	149
126	182
128	168
130	132
130	166
132	146
135	192
136	140
136	170
137	183
139	149
140	176
142	186
143	156
144	156
144	188
145	157
148	169
150	195
151	168
152	181
157	170
157	191
159	194
160	164
162	190
165	191
167	179
168	171
177	192
179	198
180	183
182	191
184	189
187	190
