1	35
1	39
1	87
1	105
1	113
1	184
1	186
1	188
1	219
1	231
1	246
1	264
1	269
1	274
1	278
1	360
1	367
1	376
1	464
1	481
1	485
1	544
1	563
1	578
1	584
1	647
1	702
1	709
1	712
1	720
1	734
1	740
1	750
1	763
1	795
1	857
1	930
1	977
1	1002
1	1008
1	1020
1	1021
1	1040
1	1079
1	1175
1	1181
1	1416
1	1439
1	1461
2	30
2	33
2	51
2	76
2	78
2	82
2	84
2	91
2	95
2	102
2	126
2	140
2	214
2	238
2	253
2	275
2	280
2	295
2	311
2	345
2	363
2	371
2	420
2	425
2	450
2	466
2	498
2	555
2	569
2	624
2	632
2	690
2	710
2	783
2	869
2	873
2	906
2	1113
2	1142
2	1143
2	1250
2	1258
2	1384
2	1529
2	1575
2	1580
3	21
3	32
3	45
3	61
3	97
3	136
3	149
3	173
3	190
3	206
3	224
3	249
3	258
3	313
3	315
3	374
3	426
3	472
3	480
3	551
3	569
3	590
3	592
3	614
3	620
3	753
3	782
3	841
3	851
3	866
3	877
3	998
3	1153
3	1163
3	1165
3	1226
3	1236
3	1269
3	1331
3	1408
3	1455
3	1463
3	1524
3	1544
4	14
4	21
4	38
4	39
4	47
4	63
4	81
4	119
4	161
4	200
4	229
4	265
4	299
4	327
4	330
4	348
4	406
4	430
4	505
4	521
4	642
4	671
4	692
4	711
4	786
4	812
4	819
4	946
4	981
4	982
4	991
4	1064
4	1090
4	1094
4	1110
4	1212
4	1303
4	1313
4	1353
4	1372
4	1594
5	17
5	58
5	69
5	94
5	104
5	110
5	111
5	144
5	152
5	183
5	255
5	278
5	287
5	303
5	312
5	341
5	414
5	433
5	439
5	466
5	545
5	549
5	565
5	674
5	691
5	854
5	863
5	996
5	1010
5	1054
5	1148
5	1166
5	1186
5	1198
5	1227
5	1358
5	1431
5	1458
5	1496
5	1541
6	11
6	22
6	54
6	70
6	77
6	90
6	146
6	155
6	198
6	205
6	251
6	275
6	309
6	328
6	336
6	337
6	346
6	407
6	470
6	473
6	540
6	599
6	600
6	754
6	831
6	895
6	928
6	954
6	974
6	1006
6	1035
6	1068
6	1135
6	1181
6	1195
6	1240
6	1254
6	1363
6	1454
7	19
7	21
7	25
7	40
7	114
7	148
7	162
7	178
7	218
7	293
7	394
7	435
7	454
7	490
7	501
7	530
7	539
7	594
7	623
7	654
7	722
7	830
7	832
7	953
7	1028
7	1082
7	1190
7	1271
7	1274
7	1291
7	1350
7	1376
7	1400
7	1431
7	1432
7	1464
7	1509
7	1515
7	1562
8	31
8	41
8	92
8	103
8	107
8	108
8	117
8	137
8	179
8	182
8	203
8	237
8	282
8	285
8	339
8	400
8	410
8	458
8	542
8	570
8	597
8	659
8	662
8	669
8	701
8	797
8	817
8	904
8	928
8	984
8	994
8	1074
8	1100
8	1247
8	1317
8	1327
8	1334
8	1360
9	18
9	27
9	34
9	49
9	53
9	55
9	118
9	128
9	230
9	252
9	381
9	389
9	402
9	415
9	448
9	477
9	536
9	623
9	667
9	683
9	758
9	759
9	770
9	962
9	999
9	1013
9	1024
9	1105
9	1122
9	1236
9	1275
9	1398
9	1402
9	1435
9	1483
9	1538
9	1553
10	15
10	37
10	64
10	67
10	165
10	202
10	250
10	251
10	286
10	342
10	378
10	390
10	483
10	494
10	514
10	527
10	622
10	648
10	679
10	703
10	706
10	725
10	790
10	810
10	904
10	911
10	942
10	965
10	979
10	1047
10	1093
10	1302
10	1352
10	1374
10	1476
10	1556
11	23
11	36
11	44
11	59
11	74
11	77
11	85
11	146
11	198
11	201
11	205
11	299
11	326
11	374
11	396
11	407
11	447
11	501
11	532
11	640
11	708
11	870
11	894
11	910
11	967
11	1011
11	1101
11	1126
11	1134
11	1216
11	1231
11	1329
11	1365
11	1540
11	1542
12	20
12	55
12	67
12	73
12	86
12	106
12	210
12	298
12	419
12	446
12	579
12	646
12	649
12	661
12	681
12	801
12	812
12	927
12	938
12	961
12	984
12	1018
12	1041
12	1055
12	1249
12	1263
12	1265
12	1297
12	1321
12	1325
12	1354
12	1387
12	1401
12	1450
12	1547
12	1597
13	29
13	88
13	90
13	103
13	125
13	135
13	199
13	225
13	273
13	289
13	351
13	352
13	356
13	423
13	441
13	456
13	539
13	543
13	574
13	585
13	677
13	678
13	761
13	765
13	827
13	882
13	976
13	1087
13	1106
13	1243
13	1392
13	1425
13	1433
13	1443
13	1515
13	1542
14	26
14	30
14	42
14	52
14	63
14	95
14	103
14	118
14	119
14	134
14	194
14	229
14	271
14	330
14	406
14	430
14	521
14	545
14	583
14	598
14	605
14	635
14	811
14	828
14	881
14	903
14	914
14	945
14	955
14	1044
14	1064
14	1138
14	1441
14	1557
15	23
15	37
15	59
15	64
15	67
15	122
15	132
15	202
15	286
15	342
15	377
15	390
15	428
15	515
15	527
15	566
15	639
15	705
15	727
15	806
15	861
15	900
15	950
15	1047
15	1061
15	1069
15	1099
15	1215
15	1342
15	1346
15	1383
15	1423
15	1445
15	1556
16	28
16	41
16	100
16	180
16	213
16	233
16	248
16	256
16	277
16	343
16	502
16	550
16	559
16	601
16	628
16	761
16	778
16	834
16	880
16	915
16	926
16	1039
16	1050
16	1076
16	1204
16	1213
16	1217
16	1344
16	1426
16	1460
16	1482
16	1486
16	1560
16	1592
17	43
17	71
17	91
17	138
17	141
17	160
17	176
17	185
17	195
17	204
17	238
17	283
17	333
17	335
17	422
17	432
17	437
17	638
17	756
17	816
17	872
17	886
17	934
17	1012
17	1075
17	1078
17	1132
17	1209
17	1258
17	1280
17	1359
17	1436
17	1531
18	21
18	101
18	130
18	148
18	163
18	207
18	228
18	272
18	296
18	368
18	386
18	389
18	391
18	415
18	418
18	474
18	520
18	581
18	641
18	653
18	705
18	773
18	937
18	989
18	992
18	1151
18	1189
18	1219
18	1360
18	1431
18	1469
18	1519
18	1568
19	20
19	23
19	55
19	110
19	113
19	127
19	128
19	136
19	165
19	175
19	178
19	273
19	332
19	366
19	456
19	493
19	499
19	546
19	597
19	617
19	689
19	693
19	738
19	815
19	892
19	1208
19	1248
19	1397
19	1448
19	1549
19	1567
19	1584
20	62
20	83
20	98
20	106
20	110
20	165
20	204
20	266
20	439
20	627
20	730
20	764
20	801
20	860
20	865
20	1004
20	1005
20	1220
20	1234
20	1263
20	1268
20	1281
20	1321
20	1324
20	1325
20	1356
20	1412
20	1444
20	1477
20	1504
20	1579
21	26
21	40
21	53
21	63
21	87
21	125
21	151
21	179
21	218
21	221
21	326
21	335
21	478
21	577
21	613
21	666
21	853
21	913
21	925
21	958
21	1230
21	1309
21	1343
21	1391
21	1431
21	1494
21	1544
21	1591
22	36
22	54
22	66
22	146
22	205
22	226
22	309
22	325
22	337
22	346
22	366
22	374
22	473
22	501
22	540
22	600
22	636
22	685
22	713
22	796
22	822
22	823
22	831
22	870
22	1020
22	1055
22	1062
22	1216
22	1256
22	1518
22	1555
23	27
23	45
23	95
23	287
23	295
23	318
23	360
23	510
23	520
23	538
23	557
23	656
23	659
23	782
23	834
23	872
23	931
23	991
23	996
23	1038
23	1103
23	1149
23	1379
23	1420
23	1428
23	1524
23	1534
23	1547
24	112
24	134
24	136
24	139
24	170
24	181
24	206
24	224
24	249
24	314
24	372
24	472
24	480
24	526
24	590
24	592
24	604
24	694
24	753
24	824
24	851
24	877
24	998
24	1218
24	1236
24	1310
24	1408
24	1567
25	34
25	40
25	89
25	218
25	279
25	293
25	354
25	394
25	435
25	446
25	467
25	490
25	543
25	618
25	672
25	716
25	722
25	830
25	891
25	953
25	963
25	1191
25	1248
25	1306
25	1437
25	1522
25	1526
26	38
26	56
26	63
26	119
26	161
26	200
26	292
26	430
26	492
26	500
26	548
26	588
26	697
26	711
26	717
26	805
26	811
26	903
26	905
26	1015
26	1057
26	1094
26	1138
26	1227
26	1248
26	1382
27	49
27	125
27	148
27	186
27	196
27	207
27	214
27	261
27	272
27	363
27	477
27	716
27	775
27	836
27	875
27	950
27	1114
27	1157
27	1168
27	1219
27	1398
27	1495
27	1520
27	1527
27	1590
28	35
28	100
28	122
28	134
28	143
28	166
28	233
28	256
28	366
28	460
28	471
28	491
28	550
28	794
28	837
28	894
28	899
28	1042
28	1050
28	1128
28	1214
28	1293
28	1344
28	1368
28	1400
28	1500
29	103
29	146
29	190
29	199
29	225
29	270
29	304
29	352
29	441
29	453
29	469
29	574
29	678
29	728
29	762
29	882
29	976
29	985
29	1087
29	1176
29	1230
29	1239
29	1319
29	1338
29	1542
30	33
30	51
30	61
30	76
30	102
30	138
30	145
30	364
30	392
30	398
30	399
30	429
30	450
30	488
30	522
30	568
30	632
30	697
30	723
30	794
30	947
30	1012
30	1380
30	1436
31	52
31	63
31	83
31	92
31	107
31	117
31	137
31	182
31	222
31	282
31	339
31	385
31	400
31	462
31	662
31	669
31	994
31	1107
31	1149
31	1196
31	1287
31	1300
31	1317
31	1334
31	1511
32	45
32	61
32	115
32	197
32	206
32	258
32	263
32	309
32	313
32	315
32	344
32	372
32	385
32	411
32	426
32	604
32	695
32	753
32	990
32	998
32	1261
32	1404
32	1408
32	1480
32	1567
33	71
33	76
33	84
33	145
33	167
33	184
33	253
33	254
33	318
33	335
33	338
33	417
33	420
33	425
33	708
33	757
33	769
33	872
33	934
33	975
33	1113
33	1295
33	1370
33	1529
34	46
34	49
34	80
34	163
34	164
34	208
34	214
34	272
34	408
34	496
34	509
34	552
34	647
34	721
34	816
34	825
34	1000
34	1009
34	1016
34	1189
34	1290
34	1405
34	1457
34	1590
35	87
35	96
35	113
35	172
35	269
35	285
35	307
35	367
35	660
35	702
35	709
35	720
35	930
35	1002
35	1010
35	1063
35	1127
35	1145
35	1347
35	1467
35	1507
35	1561
35	1586
36	44
36	54
36	66
36	77
36	82
36	85
36	198
36	205
36	284
36	328
36	336
36	396
36	580
36	640
36	725
36	941
36	957
36	1231
36	1363
36	1394
36	1414
36	1418
36	1503
37	64
37	67
37	202
37	268
37	311
37	316
37	355
37	377
37	378
37	390
37	453
37	526
37	527
37	566
37	665
37	679
37	841
37	861
37	942
37	965
37	979
37	1083
37	1303
38	42
38	59
38	151
38	216
38	254
38	319
38	327
38	366
38	515
38	605
38	646
38	664
38	711
38	903
38	922
38	1030
38	1138
38	1235
38	1449
38	1532
38	1536
38	1545
39	87
39	97
39	101
39	141
39	188
39	246
39	260
39	285
39	481
39	591
39	593
39	720
39	737
39	842
39	879
39	995
39	1021
39	1102
39	1343
39	1466
39	1480
39	1561
40	69
40	114
40	189
40	218
40	247
40	279
40	331
40	394
40	446
40	509
40	530
40	537
40	779
40	988
40	1082
40	1103
40	1190
40	1350
40	1392
40	1464
41	100
41	122
41	150
41	153
41	180
41	233
41	256
41	408
41	471
41	601
41	684
41	741
41	834
41	887
41	969
41	1038
41	1050
41	1064
41	1115
41	1217
41	1456
42	60
42	63
42	81
42	109
42	161
42	229
42	259
42	292
42	338
42	365
42	583
42	630
42	697
42	700
42	903
42	936
42	981
42	1094
42	1163
42	1235
42	1393
43	48
43	53
43	79
43	108
43	130
43	174
43	186
43	207
43	217
43	240
43	272
43	363
43	403
43	418
43	463
43	529
43	937
43	992
43	1007
43	1171
43	1458
43	1483
44	54
44	66
44	70
44	85
44	146
44	369
44	374
44	447
44	507
44	541
44	733
44	767
44	910
44	954
44	967
44	1035
44	1157
44	1213
44	1247
44	1254
44	1419
45	61
45	78
45	97
45	181
45	197
45	200
45	224
45	263
45	339
45	411
45	426
45	480
45	506
45	714
45	751
45	1077
45	1310
45	1455
45	1510
46	49
46	65
46	148
46	164
46	187
46	267
46	314
46	373
46	402
46	415
46	440
46	465
46	513
46	523
46	793
46	836
46	880
46	1007
46	1193
46	1319
46	1566
47	63
47	72
47	81
47	113
47	176
47	229
47	276
47	292
47	500
47	548
47	605
47	661
47	700
47	774
47	945
47	1110
47	1235
47	1241
47	1353
47	1473
47	1551
48	49
48	187
48	191
48	214
48	217
48	272
48	512
48	513
48	631
48	666
48	686
48	688
48	898
48	917
48	973
48	1128
48	1193
48	1228
48	1264
48	1403
48	1470
49	53
49	164
49	191
49	208
49	320
49	672
49	721
49	759
49	820
49	864
49	871
49	917
49	1199
49	1304
49	1311
49	1381
49	1463
50	83
50	86
50	93
50	99
50	110
50	127
50	168
50	242
50	334
50	344
50	624
50	735
50	859
50	897
50	938
50	961
50	1117
50	1281
50	1321
50	1356
50	1385
50	1521
51	84
51	91
51	131
51	156
51	219
51	405
51	417
51	483
51	567
51	789
51	846
51	966
51	1012
51	1086
51	1225
51	1294
51	1308
51	1388
51	1582
52	55
52	98
52	115
52	134
52	143
52	159
52	243
52	273
52	320
52	388
52	542
52	572
52	910
52	939
52	962
52	1100
52	1231
52	1320
52	1350
53	80
53	116
53	196
53	272
53	301
53	348
53	529
53	554
53	838
53	871
53	957
53	983
53	1122
53	1219
53	1349
53	1451
53	1483
54	70
54	74
54	155
54	308
54	328
54	336
54	511
54	580
54	636
54	754
54	769
54	909
54	1126
54	1213
54	1265
54	1352
54	1555
55	75
55	106
55	110
55	227
55	432
55	451
55	644
55	661
55	849
55	856
55	859
55	1005
55	1085
55	1155
55	1281
55	1322
55	1356
56	63
56	72
56	81
56	161
56	188
56	194
56	216
56	259
56	276
56	327
56	402
56	499
56	589
56	681
56	697
56	914
56	922
56	981
56	1468
56	1473
57	102
57	147
57	167
57	169
57	222
57	294
57	312
57	318
57	329
57	333
57	347
57	422
57	448
57	839
57	840
57	874
57	884
57	903
57	1088
57	1119
57	1138
58	94
58	104
58	111
58	129
58	144
58	175
58	183
58	233
58	236
58	255
58	449
58	667
58	783
58	854
58	1014
58	1021
58	1046
58	1301
58	1326
58	1517
59	89
59	96
59	97
59	157
59	169
59	193
59	226
59	247
59	277
59	314
59	397
59	518
59	595
59	731
59	1050
59	1105
59	1502
60	63
60	72
60	81
60	271
60	292
60	330
60	430
60	521
60	646
60	755
60	800
60	805
60	811
60	936
60	955
60	1109
60	1160
60	1397
60	1514
61	136
61	173
61	181
61	224
61	247
61	258
61	297
61	310
61	382
61	517
61	551
61	629
61	1153
61	1165
61	1226
61	1269
62	68
62	73
62	98
62	142
62	334
62	434
62	627
62	673
62	818
62	938
62	967
62	1108
62	1147
62	1238
62	1265
62	1286
62	1328
62	1470
62	1579
63	72
63	173
63	194
63	216
63	259
63	265
63	314
63	500
63	1235
63	1468
63	1525
64	67
64	355
64	377
64	378
64	390
64	395
64	473
64	474
64	483
64	526
64	725
64	900
64	1112
64	1423
64	1498
64	1578
64	1588
65	151
65	301
65	436
65	508
65	561
65	653
65	696
65	730
65	871
65	1053
65	1151
65	1381
65	1383
65	1475
65	1483
65	1535
65	1538
65	1553
65	1554
66	77
66	132
66	140
66	201
66	336
66	337
66	374
66	511
66	599
66	600
66	626
66	640
66	733
66	760
66	773
66	831
66	870
67	355
67	648
67	705
67	706
67	784
67	841
67	861
67	911
67	1069
67	1093
67	1140
67	1274
67	1328
67	1548
67	1588
68	73
68	106
68	168
68	177
68	255
68	298
68	325
68	373
68	383
68	409
68	439
68	704
68	771
68	940
68	1018
68	1249
68	1410
68	1579
69	111
69	212
69	236
69	287
69	341
69	565
69	637
69	674
69	693
69	885
69	997
69	1001
69	1188
69	1358
69	1451
69	1453
69	1523
70	74
70	146
70	155
70	281
70	326
70	336
70	558
70	707
70	741
70	1011
70	1019
70	1035
70	1074
70	1192
70	1256
70	1363
71	78
71	98
71	167
71	347
71	420
71	498
71	564
71	624
71	627
71	628
71	650
71	689
71	732
71	766
71	1124
71	1224
71	1564
72	118
72	119
72	200
72	361
72	368
72	588
72	777
72	1315
72	1325
72	1336
72	1428
72	1472
72	1525
72	1582
72	1594
73	74
73	93
73	98
73	99
73	254
73	305
73	306
73	379
73	383
73	735
73	1136
73	1158
73	1180
73	1286
73	1338
73	1532
74	146
74	284
74	328
74	369
74	407
74	473
74	511
74	606
74	655
74	657
74	809
74	967
74	1068
74	1083
74	1375
75	83
75	86
75	164
75	344
75	444
75	451
75	518
75	587
75	654
75	673
75	735
75	801
75	944
75	1018
75	1147
75	1225
75	1328
75	1504
76	124
76	126
76	171
76	247
76	294
76	461
76	523
76	645
76	829
76	919
76	964
76	1137
76	1299
76	1318
76	1462
77	85
77	168
77	281
77	328
77	337
77	599
77	635
77	974
77	983
77	1051
77	1068
77	1120
77	1429
77	1454
78	82
78	126
78	131
78	140
78	176
78	314
78	318
78	341
78	364
78	398
78	516
78	561
78	603
78	1407
78	1570
79	134
79	144
79	183
79	236
79	262
79	312
79	489
79	791
79	850
79	885
79	1014
79	1186
79	1242
79	1301
79	1421
79	1427
79	1574
80	108
80	240
80	252
80	386
80	431
80	442
80	492
80	529
80	560
80	630
80	667
80	787
80	880
80	921
80	1409
80	1575
81	194
81	202
81	271
81	299
81	365
81	500
81	515
81	689
81	856
81	936
81	1062
81	1109
81	1372
82	234
82	329
82	398
82	405
82	422
82	432
82	780
82	874
82	971
82	1125
82	1202
82	1260
82	1299
82	1305
82	1549
83	106
83	173
83	211
83	411
83	503
83	582
83	595
83	607
83	661
83	746
83	938
83	1194
83	1222
83	1444
84	112
84	160
84	177
84	209
84	235
84	399
84	523
84	563
84	617
84	824
84	869
84	906
84	1026
84	1200
84	1359
85	326
85	334
85	351
85	369
85	396
85	470
85	707
85	769
85	796
85	909
85	954
85	1051
85	1397
85	1485
86	98
86	110
86	116
86	141
86	142
86	303
86	324
86	344
86	439
86	938
86	1018
86	1238
86	1322
86	1444
87	184
87	246
87	285
87	307
87	343
87	404
87	465
87	556
87	977
87	1043
87	1111
87	1127
87	1571
88	90
88	123
88	133
88	159
88	221
88	274
88	289
88	718
88	761
88	762
88	776
88	1017
88	1023
88	1176
88	1229
88	1516
89	114
89	178
89	331
89	435
89	486
89	618
89	779
89	953
89	963
89	978
89	1028
89	1103
89	1173
89	1177
89	1291
90	107
90	133
90	199
90	289
90	300
90	304
90	387
90	469
90	582
90	649
90	679
90	762
90	1399
90	1515
91	141
91	163
91	213
91	222
91	340
91	475
91	493
91	497
91	650
91	657
91	742
91	890
91	1032
91	1284
92	117
92	179
92	182
92	260
92	282
92	302
92	339
92	342
92	597
92	928
92	1022
92	1309
92	1360
92	1415
92	1572
93	150
93	298
93	305
93	323
93	444
93	625
93	817
93	1018
93	1121
93	1194
93	1220
93	1297
93	1330
93	1411
93	1583
94	97
94	154
94	175
94	212
94	350
94	414
94	596
94	637
94	823
94	892
94	1108
94	1198
94	1390
94	1508
95	109
95	133
95	322
95	329
95	349
95	451
95	504
95	534
95	1085
95	1331
95	1415
95	1430
95	1492
96	178
96	264
96	285
96	307
96	353
96	464
96	584
96	750
96	1043
96	1145
96	1175
96	1196
96	1439
96	1480
97	115
97	136
97	139
97	280
97	310
97	411
97	480
97	714
97	751
97	846
97	866
98	128
98	455
98	595
98	844
98	943
98	968
98	1206
98	1325
98	1460
98	1499
99	305
99	739
99	783
99	805
99	815
99	865
99	996
99	1121
99	1154
99	1188
99	1207
99	1328
99	1499
99	1528
100	143
100	166
100	256
100	421
100	502
100	754
100	911
100	926
100	1204
100	1214
100	1293
100	1370
100	1486
101	240
101	363
101	424
101	459
101	465
101	478
101	508
101	886
101	898
101	1301
101	1304
101	1465
101	1474
101	1554
102	232
102	241
102	244
102	275
102	321
102	359
102	371
102	612
102	788
102	1125
102	1155
102	1272
102	1340
103	122
103	123
103	135
103	225
103	274
103	290
103	317
103	456
103	502
103	649
103	970
103	1229
104	212
104	291
104	545
104	572
104	609
104	923
104	1001
104	1072
104	1120
104	1148
104	1227
104	1326
104	1351
104	1535
105	113
105	184
105	260
105	517
105	544
105	578
105	712
105	740
105	1043
105	1079
105	1123
105	1145
105	1167
105	1439
105	1561
106	305
106	444
106	497
106	579
106	764
106	943
106	1220
106	1243
106	1285
106	1377
107	385
107	458
107	462
107	575
107	669
107	701
107	797
107	1107
107	1300
107	1371
107	1415
107	1522
108	217
108	220
108	560
108	586
108	652
108	670
108	693
108	875
108	935
108	1114
108	1287
108	1405
109	153
109	164
109	222
109	226
109	261
109	272
109	331
109	529
109	614
109	912
109	943
109	1005
109	1290
110	111
110	128
110	324
110	503
110	557
110	698
110	1023
110	1232
110	1286
111	144
111	180
111	223
111	236
111	262
111	312
111	549
111	622
111	850
111	885
111	1264
112	129
112	516
112	525
112	532
112	546
112	665
112	748
112	890
112	1203
112	1305
112	1307
112	1491
112	1576
113	184
113	188
113	231
113	246
113	260
113	376
113	801
113	1130
113	1262
113	1416
114	162
114	384
114	446
114	467
114	486
114	509
114	530
114	594
114	633
114	922
114	973
114	1337
115	173
115	206
115	224
115	289
115	310
115	480
115	488
115	506
115	590
115	695
115	715
115	1165
116	148
116	163
116	208
116	244
116	507
116	536
116	553
116	675
116	816
116	989
116	1009
116	1029
116	1405
117	137
117	237
117	327
117	400
117	510
117	633
117	669
117	928
117	1149
117	1312
117	1415
117	1496
118	169
118	194
118	351
118	521
118	605
118	635
118	700
118	703
118	819
118	922
118	1160
118	1166
119	191
119	276
119	292
119	351
119	463
119	646
119	671
119	889
119	1064
119	1259
119	1525
120	124
120	147
120	181
120	412
120	425
120	505
120	723
120	768
120	1125
120	1160
120	1357
120	1367
120	1380
120	1406
120	1552
121	150
121	201
121	215
121	220
121	226
121	248
121	421
121	428
121	477
121	589
121	635
121	1104
121	1166
121	1405
121	1553
122	143
122	153
122	460
122	534
122	559
122	684
122	690
122	959
122	1204
122	1426
122	1482
123	135
123	151
123	321
123	323
123	649
123	985
123	1060
123	1102
123	1243
123	1345
123	1515
123	1565
123	1593
124	183
124	204
124	234
124	691
124	708
124	789
124	829
124	916
124	946
124	1104
124	1209
124	1272
124	1430
125	157
125	340
125	410
125	499
125	506
125	912
125	987
125	1104
125	1122
125	1306
125	1498
125	1571
126	234
126	335
126	399
126	466
126	561
126	689
126	709
126	811
126	1070
126	1137
126	1211
126	1266
127	142
127	298
127	306
127	334
127	557
127	571
127	676
127	681
127	771
127	804
127	981
127	1328
127	1597
128	299
128	325
128	455
128	587
128	676
128	859
128	1171
128	1188
128	1220
128	1222
128	1238
129	152
129	154
129	212
129	270
129	312
129	319
129	341
129	350
129	572
129	785
129	1458
129	1541
130	348
130	528
130	667
130	721
130	787
130	807
130	875
130	957
130	1228
130	1492
130	1526
130	1598
131	209
131	357
131	567
131	589
131	615
131	638
131	657
131	748
131	767
131	1067
131	1373
131	1564
132	289
132	493
132	499
132	518
132	527
132	845
132	907
132	1093
132	1113
132	1114
132	1226
132	1540
133	135
133	138
133	225
133	321
133	387
133	660
133	678
133	718
133	772
133	932
133	1593
134	383
134	435
134	655
134	814
134	1066
134	1255
134	1364
134	1503
134	1589
135	199
135	243
135	352
135	387
135	441
135	855
135	882
135	1030
135	1199
135	1484
136	173
136	249
136	332
136	413
136	551
136	620
136	846
136	905
136	1310
137	237
137	400
137	448
137	458
137	542
137	662
137	701
137	952
137	1312
137	1341
137	1360
138	171
138	245
138	345
138	392
138	420
138	561
138	612
138	757
138	839
138	916
138	1552
139	170
139	173
139	426
139	517
139	566
139	695
139	751
139	777
139	1218
139	1310
139	1379
139	1567
140	151
140	177
140	234
140	399
140	713
140	873
140	918
140	948
140	1257
140	1307
140	1478
141	405
141	450
141	522
141	835
141	874
141	984
141	1201
141	1284
141	1359
141	1551
142	298
142	409
142	533
142	549
142	704
142	771
142	781
142	847
142	856
142	940
142	1031
143	180
143	401
143	422
143	550
143	555
143	778
143	1038
143	1128
143	1133
143	1546
144	291
144	414
144	609
144	1001
144	1033
144	1251
144	1277
144	1517
144	1574
144	1581
145	209
145	360
145	398
145	450
145	615
145	852
145	907
145	920
145	1013
145	1034
145	1270
145	1462
146	205
146	309
146	396
146	407
146	432
146	1035
147	242
147	297
147	375
147	432
147	442
147	541
147	743
147	839
147	897
147	1125
147	1137
148	208
148	381
148	465
148	554
148	736
148	1037
148	1465
148	1519
149	170
149	206
149	297
149	313
149	346
149	413
149	517
149	611
149	625
149	751
149	998
149	1218
150	177
150	219
150	345
150	434
150	600
150	656
150	815
150	909
150	940
150	1351
151	313
151	372
151	551
151	627
151	746
151	776
151	809
151	929
152	154
152	180
152	255
152	350
152	454
152	495
152	622
152	818
152	1264
152	1496
152	1517
153	166
153	277
153	534
153	602
153	969
153	1006
153	1230
153	1298
153	1414
153	1513
154	312
154	609
154	634
154	637
154	729
154	838
154	923
154	1054
154	1098
154	1490
155	284
155	306
155	475
155	547
155	754
155	809
155	974
155	1118
155	1418
155	1569
156	185
156	230
156	242
156	257
156	335
156	448
156	564
156	756
156	1045
156	1237
156	1378
156	1442
157	213
157	219
157	419
157	455
157	470
157	713
157	904
157	932
157	1174
157	1194
157	1223
158	409
158	544
158	558
158	682
158	909
158	956
158	1017
158	1021
158	1081
158	1201
158	1351
158	1581
158	1591
159	225
159	274
159	453
159	469
159	582
159	677
159	772
159	827
159	853
159	1143
159	1516
160	235
160	280
160	347
160	586
160	822
160	1045
160	1144
160	1323
160	1395
160	1417
160	1558
161	183
161	216
161	548
161	671
161	800
161	936
161	955
161	1044
161	1160
162	189
162	221
162	293
162	467
162	567
162	779
162	919
162	979
162	1291
162	1306
162	1464
163	389
163	402
163	468
163	643
163	683
163	730
163	820
163	1076
163	1332
164	306
164	529
164	631
164	749
164	999
164	1095
164	1332
164	1470
165	193
165	331
165	397
165	407
165	450
165	638
165	653
165	951
165	1397
165	1476
166	555
166	578
166	778
166	886
166	969
166	1038
166	1292
166	1368
166	1414
166	1500
167	195
167	232
167	234
167	317
167	330
167	504
167	603
167	745
167	1010
167	1091
168	434
168	451
168	571
168	627
168	746
168	1029
168	1206
168	1348
168	1401
168	1514
169	314
169	382
169	636
169	675
169	820
169	823
169	886
169	1053
169	1146
169	1428
170	181
170	206
170	249
170	315
170	369
170	445
170	592
170	604
170	877
170	1544
171	253
171	283
171	333
171	489
171	569
171	744
171	814
171	925
171	1032
171	1137
171	1591
172	246
172	260
172	264
172	544
172	556
172	606
172	712
172	734
172	738
172	740
172	795
172	1130
173	249
173	258
173	263
173	480
173	817
173	1544
174	220
174	373
174	457
174	465
174	647
174	770
174	1084
174	1168
174	1279
174	1361
174	1396
174	1471
175	185
175	217
175	223
175	262
175	341
175	549
175	729
175	923
175	1489
175	1537
176	192
176	203
176	280
176	288
176	329
176	532
176	774
176	906
176	1282
176	1585
177	204
177	437
177	461
177	484
177	603
177	840
177	843
177	1244
177	1257
178	279
178	490
178	832
178	988
178	1103
178	1178
178	1271
178	1502
178	1522
179	182
179	288
179	302
179	339
179	462
179	467
179	616
179	701
179	1097
179	1323
180	534
180	724
180	761
180	860
180	915
180	1161
180	1293
180	1296
181	206
181	219
181	263
181	297
181	517
181	614
181	826
182	203
182	282
182	570
182	662
182	797
182	1334
182	1453
182	1475
183	278
183	287
183	468
183	495
183	808
183	1108
183	1251
184	269
184	353
184	367
184	616
184	650
184	709
184	795
185	210
185	322
185	382
185	468
185	503
185	565
185	963
185	1159
185	1428
186	361
186	373
186	682
186	699
186	792
186	901
186	1168
186	1255
186	1446
187	298
187	463
187	508
187	670
187	813
187	951
187	1139
187	1403
187	1438
187	1538
188	285
188	456
188	464
188	578
188	795
188	862
188	1111
188	1561
189	218
189	354
189	454
189	487
189	644
189	705
189	722
189	891
189	963
189	1274
190	208
190	219
190	373
190	688
190	823
190	924
190	933
190	1177
190	1390
190	1434
191	251
191	512
191	531
191	880
191	1010
191	1024
191	1304
191	1481
191	1553
192	340
192	405
192	427
192	448
192	624
192	628
192	655
192	675
192	744
192	1280
192	1430
193	248
193	493
193	531
193	563
193	852
193	871
193	896
193	1186
193	1364
193	1521
194	430
194	551
194	589
194	805
194	819
194	1230
194	1316
195	244
195	440
195	548
195	576
195	628
195	657
195	756
195	1142
195	1203
195	1335
196	217
196	261
196	457
196	560
196	792
196	864
196	878
196	1116
196	1450
196	1464
197	221
197	249
197	372
197	386
197	517
197	1153
197	1218
197	1236
197	1261
197	1269
198	205
198	501
198	1020
198	1131
198	1181
198	1254
198	1281
198	1411
198	1420
199	290
199	330
199	459
199	637
199	1106
199	1369
199	1389
199	1425
200	216
200	276
200	319
200	457
200	697
200	1030
200	1163
200	1447
201	309
201	470
201	707
201	941
201	987
201	1134
201	1144
201	1156
201	1420
202	494
202	648
202	799
202	810
202	998
202	1336
202	1423
202	1550
203	250
203	597
203	669
203	687
203	952
203	993
203	1100
203	1327
203	1572
204	253
204	362
204	613
204	629
204	650
204	1048
204	1067
204	1591
205	407
205	982
205	1231
205	1375
205	1479
205	1513
206	413
206	551
206	1057
206	1164
206	1559
207	241
207	291
207	296
207	436
207	529
207	784
207	894
207	1122
207	1373
208	252
208	474
208	532
208	621
208	957
208	1373
208	1584
209	234
209	329
209	466
209	484
209	559
209	576
209	947
209	1086
209	1173
210	248
210	322
210	323
210	333
210	440
210	447
210	528
210	674
210	939
210	1037
211	444
211	537
211	595
211	864
211	1117
211	1169
211	1172
211	1232
211	1324
211	1339
211	1528
212	223
212	449
212	729
212	899
212	1305
212	1421
212	1508
213	332
213	690
213	834
213	860
213	1038
213	1115
213	1217
213	1513
214	296
214	375
214	381
214	431
214	560
214	1066
214	1290
215	248
215	321
215	347
215	450
215	659
215	675
215	828
215	927
215	1156
215	1455
216	229
216	308
216	361
216	521
216	548
216	926
217	389
217	573
217	721
217	792
217	865
217	1095
218	354
218	454
218	744
218	891
218	919
218	1437
219	271
219	510
219	827
219	1202
219	1292
220	239
220	436
220	559
220	575
220	647
220	719
220	1056
220	1527
221	380
221	387
221	493
221	740
221	828
221	996
221	1548
222	238
222	365
222	475
222	869
222	890
222	1436
222	1512
223	278
223	545
223	637
223	668
223	790
223	1029
223	1453
223	1535
224	250
224	263
224	313
224	315
224	423
224	866
225	317
225	479
225	959
225	966
225	1319
225	1345
226	310
226	518
226	1009
226	1331
226	1442
226	1466
226	1593
227	324
227	571
227	625
227	681
227	746
227	803
227	1016
227	1384
227	1444
227	1597
228	436
228	520
228	581
228	688
228	725
228	820
228	942
228	1105
228	1409
228	1446
229	259
229	428
229	1109
229	1240
229	1283
229	1483
230	440
230	442
230	461
230	466
230	586
230	624
230	645
230	788
230	1059
231	260
231	308
231	485
231	544
231	563
231	619
231	977
231	995
231	1025
232	371
232	466
232	476
232	946
232	1146
232	1296
232	1348
232	1381
232	1407
233	550
233	555
233	658
233	908
233	1039
233	1484
233	1592
234	591
234	615
234	744
234	1202
234	1570
235	294
235	340
235	383
235	437
235	498
235	755
235	990
235	1308
235	1357
236	278
236	350
236	395
236	622
236	818
236	1141
236	1252
237	302
237	385
237	687
237	833
237	933
237	1149
237	1312
237	1317
238	358
238	375
238	422
238	1091
238	1174
238	1224
238	1257
238	1277
239	531
239	630
239	653
239	683
239	699
239	793
239	900
239	1008
239	1075
239	1587
240	244
240	403
240	553
240	610
240	893
240	1256
240	1403
240	1597
241	253
241	311
241	357
241	569
241	1078
241	1177
241	1270
241	1357
241	1575
242	335
242	366
242	437
242	568
242	829
242	858
242	1027
242	1266
243	290
243	453
243	821
243	855
243	882
243	1258
243	1433
243	1488
243	1490
244	384
244	552
244	787
244	864
244	901
244	913
244	1457
245	579
245	803
245	812
245	849
245	927
245	965
245	1016
245	1098
245	1297
245	1504
246	481
246	960
246	1008
246	1065
246	1466
246	1581
247	263
247	524
247	617
247	637
247	897
247	1011
247	1493
248	267
248	659
248	921
248	933
248	1320
248	1503
249	281
249	472
249	522
249	1455
249	1534
250	429
250	444
250	499
250	823
250	830
250	1170
250	1275
250	1489
251	377
251	488
251	527
251	566
251	950
251	1288
251	1495
251	1595
252	512
252	560
252	887
252	1080
252	1123
252	1250
252	1409
252	1519
253	375
253	388
253	874
253	884
253	916
253	1380
254	295
254	540
254	613
254	675
254	1230
254	1324
254	1500
254	1533
255	291
255	449
255	507
255	1233
255	1252
255	1427
255	1489
256	491
256	645
256	702
256	915
256	1065
256	1128
256	1133
257	262
257	312
257	449
257	549
257	565
257	634
257	888
257	1124
257	1518
257	1537
258	263
258	297
258	489
258	866
258	867
258	1226
258	1505
259	271
259	492
259	524
259	589
259	752
259	896
259	958
260	305
260	485
260	972
260	996
260	1102
261	301
261	531
261	841
261	951
261	999
261	1071
261	1228
261	1435
262	287
262	343
262	350
262	454
262	495
262	674
262	785
263	620
263	755
263	846
264	481
264	593
264	842
264	879
264	1262
264	1282
264	1573
265	271
265	292
265	319
265	384
265	399
265	406
265	981
265	1316
266	455
266	587
266	644
266	876
266	912
266	1167
266	1354
266	1410
266	1530
267	358
267	546
267	598
267	644
267	659
267	804
267	1207
267	1269
268	272
268	316
268	393
268	494
268	725
268	806
268	809
268	1342
268	1550
269	412
269	556
269	563
269	842
269	862
269	1002
269	1232
270	290
270	317
270	423
270	585
270	649
270	1060
270	1076
270	1425
271	322
271	642
271	905
271	1372
272	348
272	1422
273	300
273	356
273	479
273	585
273	728
273	1425
273	1484
274	317
274	321
274	882
274	985
274	1478
274	1516
275	311
275	427
275	429
275	546
275	731
275	925
275	966
276	319
276	406
276	715
276	902
276	1138
276	1315
277	684
277	834
277	915
277	1042
277	1278
277	1426
277	1482
278	388
278	495
278	691
278	1253
278	1453
279	403
279	537
279	722
279	891
279	1173
279	1267
279	1531
280	417
280	629
280	747
280	767
280	780
280	1440
281	309
281	326
281	369
281	626
281	673
281	941
281	1126
282	476
282	726
282	833
282	1011
282	1245
282	1334
283	484
283	504
283	568
283	657
283	665
283	1174
283	1271
283	1302
284	543
284	717
284	996
284	1083
284	1101
284	1156
284	1485
285	405
285	584
285	907
285	960
286	355
286	393
286	526
286	989
286	1140
286	1147
286	1302
286	1342
287	303
287	549
287	716
287	838
287	863
288	347
288	368
288	405
288	476
288	539
288	558
288	632
288	1059
289	970
289	1036
289	1369
289	1497
289	1593
290	300
290	382
290	423
290	617
290	949
290	1488
291	416
291	618
291	888
291	1054
291	1252
291	1390
292	323
292	397
292	905
292	1536
293	391
293	435
293	543
293	892
293	1191
293	1274
293	1337
294	359
294	492
294	525
294	650
294	1144
294	1202
294	1237
295	367
295	546
295	568
295	596
295	930
295	1014
295	1560
296	365
296	381
296	389
296	468
296	581
296	807
296	992
297	355
297	620
297	1261
297	1505
297	1567
298	444
298	847
298	1096
298	1169
299	430
299	635
299	955
299	981
299	1336
299	1594
300	387
300	428
300	479
300	621
300	821
300	853
300	1389
301	408
301	493
301	999
301	1009
301	1080
301	1162
301	1349
302	339
302	570
302	597
302	687
302	1088
302	1317
302	1529
303	449
303	565
303	729
303	997
303	1264
303	1315
303	1358
304	423
304	456
304	585
304	677
304	738
304	1278
304	1319
304	1497
305	344
305	582
305	698
305	735
305	1372
306	571
306	902
306	943
306	1049
306	1210
306	1385
307	376
307	577
307	777
307	842
307	879
307	1025
307	1159
308	397
308	421
308	572
308	687
308	760
308	1007
308	1463
309	580
309	796
309	1329
309	1365
310	411
310	590
310	592
310	826
310	946
310	1236
311	332
311	398
311	440
311	561
311	650
311	742
312	634
312	831
312	1108
313	620
313	695
313	751
313	998
313	1205
314	323
314	547
314	566
314	776
315	411
315	424
315	506
315	678
315	846
315	1261
316	395
316	494
316	584
316	679
316	706
316	725
316	891
316	1246
317	318
317	321
317	660
317	1243
317	1577
318	399
318	417
318	569
318	872
318	1307
319	361
319	380
319	500
319	1163
319	1353
320	445
320	457
320	493
320	520
320	784
320	1285
320	1448
320	1538
321	423
321	718
321	728
321	1389
322	339
322	357
322	364
322	686
322	836
322	1052
323	358
323	526
323	1104
323	1317
323	1334
324	451
324	739
324	1322
324	1375
324	1514
324	1547
324	1583
325	595
325	968
325	1017
325	1049
325	1268
325	1330
325	1393
326	1068
326	1338
326	1411
326	1419
326	1454
327	500
327	635
327	1094
327	1298
327	1303
327	1525
328	481
328	781
328	899
328	1062
328	1135
329	586
329	683
329	947
329	1276
329	1585
330	365
330	515
330	635
330	642
330	1447
331	414
331	511
331	593
331	656
331	690
331	1454
332	495
332	889
332	1067
332	1136
332	1498
332	1539
333	371
333	505
333	800
333	986
333	1478
333	1580
334	383
334	443
334	625
334	698
334	939
334	1180
335	868
335	895
335	925
335	1362
336	447
336	473
336	894
336	1195
336	1329
337	444
337	447
337	540
337	733
337	1179
337	1311
338	399
338	437
338	468
338	498
338	564
338	766
338	1033
338	1270
339	410
339	570
339	597
340	466
340	729
340	788
340	1048
340	1417
340	1575
341	609
341	1148
341	1152
341	1253
341	1574
342	526
342	706
342	841
342	979
342	1052
342	1093
342	1499
343	401
343	845
343	1065
343	1292
343	1367
343	1414
344	525
344	746
344	1249
344	1281
345	522
345	538
345	1015
345	1139
345	1284
345	1362
346	540
346	614
346	626
346	967
346	1134
346	1192
347	858
347	1119
347	1189
347	1570
348	477
348	480
348	513
348	553
348	1129
349	419
349	582
349	823
349	847
349	1055
349	1136
349	1413
349	1499
350	588
350	1046
350	1148
350	1198
351	589
351	664
351	936
351	1163
351	1382
352	660
352	765
352	1092
352	1223
352	1389
352	1565
353	375
353	433
353	584
353	930
353	1043
353	1467
353	1501
354	486
354	487
354	509
354	617
354	832
354	1337
355	527
355	950
355	1346
355	1589
356	441
356	660
356	677
356	1217
356	1319
356	1345
356	1369
357	745
357	840
357	1015
357	1155
357	1374
357	1395
358	440
358	489
358	528
358	839
358	852
358	1209
359	430
359	516
359	897
359	934
359	975
359	1359
359	1396
360	481
360	740
360	867
360	879
360	1092
360	1102
361	521
361	598
361	1303
361	1313
361	1516
362	619
362	638
362	872
362	1143
362	1155
362	1272
362	1546
362	1581
363	373
363	535
363	1013
363	1037
363	1506
364	370
364	489
364	1091
364	1224
364	1318
364	1521
365	664
365	993
365	1315
365	1582
366	543
366	1076
366	1418
366	1517
367	702
367	709
367	995
367	1175
367	1507
368	428
368	617
368	755
368	806
368	968
368	1407
369	547
369	636
369	1084
369	1185
370	412
370	497
370	504
370	532
370	986
370	1048
370	1248
370	1546
371	419
371	731
371	1027
371	1048
371	1488
372	408
372	506
372	714
372	782
372	1165
373	424
373	1009
373	1168
374	511
374	717
374	769
374	1539
375	518
375	663
375	669
375	1179
376	481
376	482
376	655
376	1072
376	1092
376	1577
377	494
377	861
377	950
377	1578
377	1600
378	527
378	566
378	651
378	806
378	815
378	1093
379	383
379	571
379	803
379	1049
379	1121
379	1167
379	1191
379	1322
380	416
380	533
380	743
380	954
380	975
380	1211
380	1312
381	535
381	857
381	1004
381	1139
381	1193
382	488
382	983
382	1299
382	1333
382	1481
383	902
383	1004
383	1493
384	424
384	477
384	554
384	630
384	784
384	1118
385	542
385	633
385	833
385	1074
385	1341
386	465
386	531
386	692
386	694
386	775
386	989
387	421
387	855
387	1221
387	1345
388	1145
388	1326
388	1452
388	1527
388	1533
388	1573
389	713
389	820
389	875
389	1469
390	393
390	514
390	929
390	1278
390	1495
391	520
391	573
391	623
391	668
391	893
391	1381
391	1587
392	417
392	731
392	742
392	743
392	948
392	1070
392	1440
393	401
393	1052
393	1061
393	1302
393	1320
393	1548
394	537
394	684
394	963
394	1028
394	1031
394	1274
395	483
395	706
395	911
395	1132
395	1246
395	1445
396	895
396	954
396	1247
396	1331
396	1521
397	914
397	1019
397	1049
397	1259
397	1479
398	414
398	718
398	780
398	1366
399	723
399	1510
400	817
400	855
400	971
400	1246
400	1327
401	471
401	1065
401	1081
401	1367
401	1370
401	1513
402	496
402	683
402	692
402	699
402	893
403	512
403	610
403	647
403	667
403	816
403	1373
404	482
404	556
404	584
404	593
404	737
404	930
404	1040
404	1439
405	564
405	890
405	1076
406	469
406	548
406	1434
406	1449
406	1472
407	501
407	606
407	781
408	663
408	681
408	866
408	1152
408	1598
409	776
409	883
409	1147
409	1194
409	1354
409	1547
410	616
410	630
410	633
410	994
410	1196
410	1300
411	551
411	604
411	1534
412	568
412	707
412	868
412	1032
412	1443
412	1462
413	472
413	592
413	614
413	714
413	1503
413	1554
414	1108
414	1251
414	1264
414	1541
415	610
415	787
415	793
415	957
415	1460
415	1584
416	449
416	785
416	808
416	850
416	888
416	1186
416	1573
417	638
417	925
417	1045
417	1444
418	478
418	656
418	957
418	1013
418	1294
418	1332
418	1347
419	719
419	849
419	883
419	1222
419	1377
420	664
420	742
420	1112
420	1260
420	1308
421	603
421	745
421	974
421	1042
421	1110
422	558
422	824
422	924
422	1530
423	828
423	976
423	1239
424	445
424	573
424	730
424	875
424	929
425	427
425	629
425	869
425	1003
425	1144
425	1170
426	833
426	877
426	953
426	1077
426	1534
427	448
427	567
427	632
427	732
427	934
427	1142
428	918
428	987
428	1388
428	1520
429	541
429	576
429	632
429	862
429	1211
429	1244
430	1110
430	1434
431	686
431	901
431	1289
431	1349
431	1502
431	1520
431	1533
432	516
432	1003
432	1512
433	729
433	854
433	863
433	933
433	1054
433	1326
434	681
434	704
434	1049
434	1325
434	1387
435	486
435	722
435	1197
436	629
436	871
436	937
436	1446
437	756
437	1026
437	1260
438	446
438	490
438	884
438	964
438	973
438	1082
438	1173
438	1562
439	698
439	1005
439	1265
439	1465
440	824
440	1027
441	574
441	827
441	949
441	1180
442	516
442	649
442	933
442	1197
442	1208
443	812
443	876
443	1263
443	1330
443	1492
443	1499
443	1545
444	557
445	512
445	641
445	1116
445	1355
445	1543
446	490
446	1376
446	1522
447	733
447	1020
447	1375
448	567
448	839
449	808
449	1120
450	475
450	1183
451	571
451	582
451	1547
452	530
452	537
452	654
452	772
452	973
452	1028
452	1173
452	1432
453	853
453	1223
453	1452
453	1576
454	486
454	487
454	1376
455	503
455	902
455	1041
455	1377
456	821
456	1017
456	1452
457	463
457	641
457	913
457	1396
458	546
458	633
458	687
458	1100
458	1149
459	531
459	553
459	653
459	775
459	1075
459	1241
460	690
460	761
460	1270
460	1296
460	1426
460	1590
461	576
461	742
461	1200
461	1203
461	1295
462	971
462	1094
462	1100
462	1119
462	1300
463	529
463	552
463	611
463	1561
464	862
464	934
464	972
464	1040
464	1314
465	682
465	1275
466	884
467	530
467	1267
467	1306
467	1509
468	569
468	763
468	1199
469	479
469	1221
469	1542
469	1558
470	656
470	1135
470	1391
470	1569
471	550
471	555
471	1215
471	1367
471	1599
472	591
472	715
472	753
472	1459
473	895
473	1034
473	1518
474	508
474	520
474	581
474	898
474	1521
475	476
475	569
475	1225
475	1260
476	504
476	516
476	1078
476	1461
477	789
477	1105
477	1474
478	581
478	688
478	737
478	951
478	1554
479	772
479	855
479	1241
479	1399
480	715
481	1070
482	612
482	734
482	857
482	1021
482	1044
482	1314
483	942
483	1164
483	1215
483	1340
484	586
484	1070
484	1362
484	1389
484	1530
485	503
485	740
485	867
485	977
485	1071
486	594
486	830
486	961
487	594
487	654
487	1056
487	1417
487	1509
488	641
488	776
488	949
488	972
489	612
489	613
489	657
490	509
490	594
490	1022
491	562
491	794
491	887
491	908
491	1280
491	1560
492	515
492	521
492	958
492	1303
493	888
494	828
494	900
494	1302
495	674
495	1152
495	1387
496	610
496	951
496	999
496	1056
496	1479
496	1539
497	673
497	1055
497	1158
497	1206
497	1324
498	912
498	1003
498	1378
498	1563
499	1341
499	1492
499	1538
500	760
500	1533
501	594
501	796
501	1126
502	837
502	1029
502	1133
502	1370
502	1599
503	1169
503	1263
503	1297
504	539
504	696
504	771
505	742
505	850
505	948
505	1299
505	1580
506	614
506	693
506	851
507	553
507	721
507	758
507	1587
507	1590
508	536
508	608
508	694
508	1162
509	919
509	1208
509	1291
510	511
510	700
510	1029
510	1153
510	1398
511	1185
511	1363
512	825
512	1311
512	1428
513	917
513	1053
513	1131
513	1257
513	1435
514	679
514	727
514	788
514	942
514	1199
514	1578
515	1030
515	1441
515	1557
516	1260
516	1388
517	732
517	826
518	714
518	724
518	900
519	522
519	523
519	561
519	638
519	1015
519	1182
519	1429
519	1552
520	1019
520	1469
521	1333
522	883
522	1033
522	1563
523	538
523	1096
523	1417
523	1504
524	609
524	739
524	1048
524	1235
524	1320
524	1432
525	532
525	745
525	1045
525	1276
525	1436
526	799
526	1047
527	1052
528	619
528	897
528	920
528	1250
528	1335
529	759
530	716
530	1018
530	1437
531	1351
531	1526
532	829
532	948
533	673
533	739
533	1154
533	1194
533	1268
533	1493
534	845
534	860
534	908
534	1298
535	536
535	552
535	575
535	983
535	1162
535	1568
536	776
536	1327
536	1383
536	1403
537	543
537	832
537	1197
538	768
538	843
538	980
538	1266
538	1537
539	732
539	767
539	829
539	873
540	626
540	685
540	1179
541	558
541	873
541	986
541	1204
541	1576
542	616
542	701
542	1371
542	1511
543	1322
543	1355
544	952
544	1008
544	1058
545	1000
545	1058
545	1242
545	1427
546	736
546	1477
547	781
547	809
547	909
547	941
547	1156
548	598
548	1300
549	854
549	1528
550	562
550	815
550	1038
551	1404
552	554
552	1114
552	1266
552	1470
553	623
553	668
553	738
554	670
554	802
554	1168
554	1471
555	602
555	794
555	1414
556	737
556	848
556	972
556	1072
557	644
557	1016
557	1031
557	1410
558	822
558	1299
558	1531
559	658
559	761
559	845
559	1292
560	807
560	1170
560	1508
561	1278
561	1442
562	741
562	1161
562	1204
562	1217
562	1445
562	1456
563	862
563	1040
563	1467
564	947
564	1026
564	1052
564	1366
565	1301
565	1379
565	1574
566	1495
566	1589
567	696
567	744
567	1051
568	743
568	844
568	1026
569	1462
570	616
570	735
570	1524
571	671
572	850
572	1014
572	1517
573	759
573	783
573	1105
573	1309
574	949
574	1399
574	1435
574	1600
575	647
575	680
575	937
575	1512
576	656
576	868
576	1200
577	593
577	977
577	1102
577	1175
577	1466
578	1072
578	1092
578	1127
579	1019
579	1041
579	1222
579	1234
580	707
580	769
580	959
580	1181
581	1063
581	1386
582	791
583	605
583	726
583	736
583	1212
583	1313
584	1040
585	983
585	1229
585	1369
586	789
586	1078
587	625
587	736
587	798
587	1324
588	914
588	1532
588	1536
588	1595
589	993
590	1063
590	1365
590	1404
591	821
591	947
591	1358
591	1572
592	851
592	1003
593	1058
593	1480
594	1191
595	760
595	1117
596	634
596	785
596	1120
596	1333
596	1489
597	616
598	991
598	1182
598	1361
599	769
599	1140
599	1460
599	1485
600	640
600	1006
600	1051
601	684
601	845
601	1065
601	1214
601	1596
602	622
602	741
602	908
602	969
602	1042
603	990
603	1088
603	1146
604	783
604	826
604	1077
605	896
605	1506
606	741
606	882
606	1169
606	1501
607	819
607	1023
607	1035
607	1150
607	1401
607	1477
608	610
608	680
608	1037
608	1123
608	1187
608	1422
609	997
609	1508
610	688
610	1338
611	643
611	686
611	775
611	784
611	1176
612	708
612	780
612	1224
613	629
613	710
613	1244
614	715
615	975
615	1294
615	1494
615	1585
616	1022
617	826
618	766
618	964
618	1178
618	1400
619	748
619	918
619	1478
619	1566
620	728
620	782
621	730
621	912
621	1024
621	1036
621	1309
622	729
622	790
623	864
623	1116
623	1481
624	732
624	1407
625	927
625	1004
626	640
626	835
626	1159
627	849
627	1147
628	708
628	711
628	1070
629	645
630	962
630	1311
631	683
631	704
631	901
631	1193
631	1475
632	987
632	1211
633	726
633	1511
634	773
634	1537
634	1541
636	1135
636	1459
636	1540
637	1205
638	1335
639	706
639	1215
639	1476
639	1585
639	1588
639	1589
640	685
640	799
641	1007
641	1185
641	1566
642	697
642	703
642	918
642	1557
643	829
643	1013
643	1066
643	1170
643	1398
644	961
644	1117
645	655
645	924
645	1112
646	914
646	933
646	1057
647	1419
648	706
648	727
648	798
648	1385
649	949
650	1436
651	679
651	727
651	841
651	1359
651	1446
651	1589
652	668
652	816
652	840
652	878
652	1118
652	1218
653	1290
653	1543
654	919
654	963
654	978
655	756
655	1054
656	1510
657	777
658	804
658	915
658	1133
658	1298
658	1482
659	1073
659	1177
660	949
660	1497
661	764
661	1413
661	1583
662	952
662	1340
662	1371
663	1028
663	1089
663	1212
663	1252
663	1364
664	1259
664	1434
664	1579
665	745
665	752
665	858
665	890
666	751
666	766
666	1166
666	1304
666	1571
667	1139
667	1481
668	893
668	1071
668	1525
669	984
670	997
670	1381
670	1405
670	1543
671	991
671	1057
671	1449
672	693
672	912
672	1084
672	1239
672	1309
673	986
673	1049
674	814
674	1046
675	1027
675	1190
676	719
676	735
676	812
676	1210
676	1568
677	932
677	1433
677	1573
678	908
678	985
678	1488
679	1556
680	692
680	1013
680	1129
680	1383
680	1463
681	865
682	686
682	694
682	825
682	1569
683	1056
684	1039
684	1042
685	1181
685	1195
685	1208
685	1352
686	692
686	758
687	984
687	1541
688	1279
688	1471
689	724
689	1409
689	1536
690	926
690	1161
691	1014
691	1046
691	1458
691	1537
692	951
692	1457
693	760
693	1557
694	935
694	1009
694	1024
695	714
695	765
695	1404
696	975
696	1142
696	1395
696	1440
697	881
698	1023
698	1171
698	1388
699	881
699	1056
699	1075
699	1157
700	1372
700	1447
700	1532
701	915
701	971
702	1008
702	1125
702	1501
703	955
703	993
703	1064
703	1472
704	780
704	992
704	1170
705	799
705	911
705	1061
707	717
707	1394
708	1250
708	1440
709	1058
709	1111
710	721
710	1113
710	1250
710	1564
710	1576
711	1212
711	1313
711	1382
712	734
712	907
712	909
712	1262
713	861
713	977
713	1550
714	753
715	877
715	1534
716	1106
716	1117
716	1482
717	974
717	1051
717	1569
718	853
718	970
718	1077
719	920
719	1169
719	1504
719	1579
720	797
720	1208
720	1314
720	1343
721	1598
722	1001
722	1306
723	1034
723	1284
723	1546
723	1570
724	873
724	1026
724	1068
724	1238
725	1595
726	748
726	994
726	1341
726	1360
727	965
727	1241
727	1288
728	735
728	932
728	1565
730	937
730	1151
731	757
731	766
731	1039
732	767
732	966
733	1116
733	1342
733	1418
734	867
734	1469
734	1507
736	750
736	935
736	1091
737	750
737	1130
737	1501
738	1081
738	1376
738	1404
739	883
739	1154
739	1493
740	960
741	778
741	1115
742	1201
743	858
743	986
743	1276
744	1003
744	1531
745	1406
745	1512
746	1055
746	1265
747	966
747	1155
747	1161
747	1237
747	1280
747	1426
748	1041
748	1335
748	1530
749	878
749	1123
749	1141
749	1172
749	1462
749	1470
750	907
750	995
750	1586
751	1226
752	1027
752	1174
752	1200
752	1494
753	929
754	796
754	1035
755	1183
755	1510
756	1295
757	939
757	1531
757	1570
758	895
758	1053
758	1584
759	1349
759	1475
760	883
762	1087
762	1106
762	1162
763	857
763	972
763	1002
763	1416
764	940
764	1460
764	1528
765	770
765	1036
765	1176
766	990
767	956
768	868
768	869
768	1089
768	1443
770	898
770	1157
770	1598
771	798
771	1238
772	976
772	1243
773	810
773	1043
773	1354
774	813
774	945
774	1044
774	1315
775	923
775	1396
777	1340
777	1395
778	794
778	1573
779	978
779	1234
779	1479
780	990
781	1185
781	1348
782	1077
782	1269
783	1277
784	917
785	1148
785	1552
786	803
786	991
786	1044
786	1382
786	1468
787	956
787	1386
788	886
788	1146
789	1003
789	1406
790	1253
790	1301
790	1421
791	902
791	1085
791	1172
791	1354
792	1157
792	1287
792	1523
793	864
793	1127
793	1402
794	1296
795	1166
795	1424
796	1081
797	1196
797	1327
798	1016
798	1150
798	1187
799	1288
799	1548
800	804
800	813
800	1361
801	812
801	1041
802	1089
802	1406
802	1408
802	1533
802	1581
803	856
803	1031
804	1320
804	1559
805	1057
805	1434
806	950
806	1595
807	921
807	1095
807	1422
808	1000
808	1205
808	1496
809	1213
810	904
810	1069
810	1550
811	982
811	1594
813	881
813	1244
813	1283
814	888
814	1326
814	1523
815	1158
816	1118
817	928
817	1312
818	1124
818	1205
818	1253
819	922
819	1160
820	880
821	827
821	932
822	1096
822	1282
822	1430
824	1225
824	1443
825	1332
825	1371
825	1568
826	1505
827	1399
828	1437
830	892
830	1432
831	895
831	1429
832	1267
832	1571
833	944
833	1022
834	1214
835	897
835	1026
835	1442
835	1512
836	871
836	1255
836	1584
837	845
837	1355
837	1370
837	1486
838	1046
838	1152
838	1353
839	1277
840	1270
840	1406
842	1111
842	1348
843	1202
843	1225
843	1273
843	1497
844	1146
844	1294
844	1379
844	1491
846	1455
847	1210
847	1413
847	1456
848	1032
848	1119
848	1183
848	1228
848	1362
849	1111
849	1545
850	1535
851	1153
851	1209
852	884
852	1395
852	1447
853	1017
854	885
854	1555
855	1087
856	1172
856	1184
857	907
857	1343
858	1096
858	1586
859	1032
859	1207
859	1597
860	1292
860	1560
861	911
862	1466
863	906
863	1227
863	1458
865	1098
865	1393
866	1544
867	1072
867	1079
868	1059
868	1242
869	1203
870	954
870	1006
870	1467
872	1045
873	1478
874	916
874	1357
875	962
876	1136
876	1232
876	1346
876	1377
877	1182
878	1122
878	1268
878	1386
879	1127
879	1288
880	1080
881	993
881	1473
883	961
884	1032
885	1084
885	1198
886	1486
887	1039
887	1293
887	1298
888	1523
889	899
889	936
889	1272
889	1425
890	999
891	1130
892	964
892	1178
893	1073
893	1255
894	1262
894	1340
896	958
896	982
896	1321
898	921
898	1574
899	1222
899	1245
900	1047
901	929
901	1066
902	1085
903	1472
904	1423
904	1588
905	993
905	1087
906	1113
906	1529
908	1050
910	1333
910	1391
910	1459
913	917
913	1141
913	1519
914	991
916	925
916	966
917	1279
918	975
918	1440
919	1464
920	1443
920	1552
920	1580
921	929
921	1448
922	1289
923	1000
923	1233
924	1143
924	1183
924	1294
926	1039
926	1368
927	1023
927	1184
928	931
930	1586
931	952
931	971
931	984
931	1107
932	1433
934	1494
935	1095
935	1189
935	1394
937	1162
938	1357
939	1132
939	1277
940	943
940	968
941	1337
941	1555
942	1099
943	1061
944	1005
944	1180
944	1387
944	1393
945	982
945	1229
945	1336
946	1067
946	1384
947	1284
948	1037
948	1442
952	1245
953	964
953	1197
955	982
956	1206
956	1366
956	1457
958	1090
958	1353
959	988
959	1413
959	1463
960	1021
960	1073
960	1467
961	1158
962	1151
962	1228
964	1350
965	1061
965	1215
967	1192
968	1031
968	1339
969	1367
969	1424
970	1151
970	1558
970	1577
971	1097
972	1501
973	1028
973	1178
974	1047
976	1036
976	1543
978	1267
978	1286
978	1392
979	1374
979	1595
980	1059
980	1112
980	1378
980	1487
980	1551
983	1423
985	1058
985	1565
986	1530
987	1047
987	1267
988	1191
988	1350
988	1392
989	1131
989	1520
990	1034
992	1075
992	1373
994	1099
994	1323
995	1002
995	1369
997	1124
997	1242
1000	1252
1000	1451
1001	1251
1001	1496
1002	1559
1004	1121
1004	1188
1005	1234
1006	1254
1006	1418
1007	1066
1007	1450
1008	1043
1010	1403
1010	1587
1011	1394
1011	1429
1012	1088
1012	1182
1012	1273
1014	1523
1015	1266
1015	1539
1016	1393
1017	1221
1019	1060
1019	1126
1020	1083
1020	1216
1022	1097
1022	1245
1023	1098
1024	1080
1024	1527
1025	1063
1025	1092
1025	1130
1025	1586
1027	1305
1029	1297
1030	1345
1030	1361
1031	1401
1033	1048
1033	1564
1033	1575
1034	1549
1034	1563
1036	1239
1036	1452
1037	1290
1040	1262
1041	1098
1042	1560
1044	1259
1045	1330
1046	1310
1050	1161
1051	1365
1052	1164
1053	1279
1053	1289
1054	1390
1055	1583
1056	1566
1057	1473
1058	1416
1059	1248
1060	1239
1060	1490
1062	1179
1062	1419
1063	1073
1067	1529
1069	1412
1069	1445
1071	1275
1071	1349
1073	1165
1074	1097
1074	1196
1078	1129
1079	1295
1079	1424
1080	1086
1081	1154
1082	1400
1082	1438
1083	1135
1084	1199
1085	1385
1086	1384
1086	1491
1088	1307
1089	1210
1089	1562
1090	1441
1090	1532
1090	1536
1091	1273
1095	1410
1096	1551
1097	1559
1099	1140
1099	1548
1101	1132
1101	1231
1101	1454
1103	1376
1104	1427
1106	1452
1107	1415
1107	1492
1109	1195
1109	1582
1110	1240
1112	1258
1114	1402
1115	1456
1115	1510
1116	1187
1118	1422
1119	1366
1120	1152
1121	1412
1123	1469
1124	1451
1128	1599
1129	1139
1129	1219
1131	1289
1131	1435
1132	1363
1133	1412
1134	1216
1134	1518
1136	1172
1137	1244
1140	1476
1141	1347
1141	1438
1142	1308
1143	1585
1144	1273
1145	1175
1150	1210
1150	1321
1150	1402
1154	1167
1156	1411
1158	1188
1159	1308
1159	1331
1164	1374
1164	1495
1167	1171
1171	1184
1174	1280
1176	1593
1177	1431
1178	1291
1179	1459
1180	1377
1182	1184
1183	1549
1184	1514
1185	1195
1186	1451
1187	1446
1187	1598
1189	1474
1190	1400
1190	1432
1192	1391
1192	1592
1193	1220
1197	1337
1198	1233
1200	1441
1201	1384
1201	1549
1203	1433
1205	1421
1206	1493
1207	1385
1207	1545
1209	1258
1211	1546
1212	1316
1213	1540
1214	1316
1216	1247
1219	1422
1221	1344
1221	1558
1223	1488
1223	1490
1224	1380
1227	1508
1229	1577
1232	1413
1233	1313
1233	1453
1234	1339
1237	1407
1237	1599
1240	1449
1240	1468
1241	1355
1242	1358
1245	1511
1246	1556
1246	1578
1247	1254
1249	1286
1249	1583
1251	1382
1253	1559
1255	1285
1256	1394
1256	1569
1257	1318
1259	1283
1261	1580
1263	1528
1268	1339
1271	1437
1271	1509
1272	1378
1273	1412
1275	1543
1276	1491
1276	1498
1278	1348
1279	1285
1282	1318
1282	1380
1283	1449
1283	1594
1285	1304
1287	1438
1287	1568
1288	1476
1289	1526
1293	1524
1295	1417
1296	1344
1305	1576
1307	1498
1311	1520
1314	1332
1314	1424
1316	1336
1318	1461
1323	1371
1323	1572
1329	1362
1329	1420
1330	1514
1333	1491
1335	1474
1338	1468
1339	1563
1341	1572
1342	1374
1343	1480
1344	1592
1346	1445
1346	1550
1347	1438
1347	1587
1351	1386
1352	1411
1352	1420
1355	1461
1356	1477
1356	1600
1361	1582
1364	1439
1364	1564
1365	1485
1366	1551
1368	1479
1368	1486
1375	1419
1378	1494
1379	1487
1383	1448
1386	1526
1387	1410
1388	1485
1390	1535
1391	1540
1392	1562
1396	1553
1397	1600
1398	1527
1399	1511
1401	1421
1402	1450
1408	1505
1409	1506
1416	1505
1424	1507
1427	1489
1429	1518
1430	1563
1441	1557
1447	1472
1448	1596
1450	1474
1456	1513
1457	1465
1459	1555
1461	1588
1465	1596
1471	1487
1471	1566
1473	1503
1475	1481
1477	1545
1484	1516
1484	1542
1487	1539
1487	1600
1490	1565
1497	1515
1500	1592
1500	1599
1502	1524
1502	1591
1506	1590
1506	1596
1507	1519
1509	1578
1522	1562
1554	1596
1556	1571
1558	1577
